From Least Square fit I get:
ln(a) = 4.95866865452411, lambda = 0.171379430616684
a = 142.404080608249, t_1/2 = log(2)/lambda = 4.04451793348687
