Cos(0.10000) = 0.99500
Cos(0.20000) = 0.98007
Cos(0.30000) = 0.95534
Cos(0.50000) = 0.87758
Cos(1.00000) = 0.54030
Cos(2.00000) = -0.41615
