Demonstration of finding eigenvalues
For a random symmetric matrix of size 6x6
The Lanczos algorithm will attempt to produce all 6 eigenvalues.
The following eigenvalues were found:
-0.596712187 -0.433676930 -0.042592137 0.509069618 0.633961496 3.071258849 

With the corresponding eigenvectors:

   -0.351     0.122    -0.104     0.597     0.649     0.271 
   -0.269    -0.097    -0.705    -0.460    -0.008     0.458 
    0.687    -0.085    -0.361     0.484    -0.245     0.312 
    0.104    -0.743     0.431    -0.134     0.206     0.437 
   -0.484     0.077     0.253     0.290    -0.671     0.403 
    0.297     0.640     0.335    -0.310     0.163     0.517 


In comparison, the cyclic jacobi method find the following:
Eigenvectors: 
-0.596712187 -0.433676930 -0.042592137 0.509069618 0.633961496 3.071258849 

And corresponding eigenvalues:

   -0.351    -0.122     0.104    -0.597    -0.649     0.271 
   -0.269     0.097     0.705     0.460     0.008     0.458 
    0.687     0.085     0.361    -0.484     0.245     0.312 
    0.104     0.743    -0.431     0.134    -0.206     0.437 
   -0.484    -0.077    -0.253    -0.290     0.671     0.403 
    0.297    -0.640    -0.335     0.310    -0.163     0.517 

It is seen for n = m, that the Lanczos and Jacobi methods produce the same eigenvalues and eigenvector (abeit sometimes with a difference of a sign on the vectors).



Setting m < n enables Makes the behavoir different:
For a random symmetric matrix of size 8x8
The Lanczos algorithm will attempt to produce m = 6 eigenvalues.
The following eigenvalues were found:
-1.142253238 -0.512110291 -0.139876837 0.492751821 1.338724527 3.657652210 

With the corresponding eigenvectors:

   -0.124    -0.651    -0.109    -0.143     0.439     0.214 
   -0.672     0.173    -0.108    -0.547    -0.293     0.331 
    0.279     0.587     0.030    -0.302     0.600     0.333 
    0.411     0.043    -0.390     0.068    -0.284     0.327 
   -0.118     0.172    -0.197     0.546    -0.213     0.492 
    0.340    -0.330    -0.436    -0.339    -0.093     0.206 
    0.338    -0.156     0.725    -0.233    -0.376     0.324 
   -0.206    -0.193     0.263     0.342     0.292     0.487 


In comparison, the cyclic jacobi method find the following:
Eigenvectors: 
-1.147165226 -0.594757983 -0.311502552 0.081627620 0.266720140 0.501960014 1.339098300 3.657652212 

And corresponding eigenvalues:

   -0.104    -0.593    -0.323     0.495    -0.194    -0.117    -0.437     0.214 
   -0.667     0.095     0.082    -0.086    -0.285    -0.503     0.296     0.331 
    0.263     0.547     0.239     0.080    -0.114    -0.289    -0.601     0.333 
    0.449    -0.113     0.014    -0.145    -0.724     0.210     0.297     0.327 
   -0.158     0.388    -0.315     0.395     0.207     0.492     0.208     0.492 
    0.303     0.018    -0.695    -0.378     0.257    -0.407     0.084     0.206 
    0.350    -0.271     0.444     0.318     0.416    -0.301     0.371     0.324 
   -0.184    -0.321     0.230    -0.566     0.249     0.326    -0.291     0.487 

The largest and lowest eigenvectors and corresponding eigenvalues are well approximated by the Lanczos method, but they deviate more than the correct Jacobi method found ones as we get closer to the 'middle' eigenvalues.

However, this can be useful in compressing large matricies into smalller matricies, conserving the extreme eigenvalues.


Many eigenvalues:
Lanczos
-2.788203360 -2.236381931 -1.551445515 -0.889485660 0.048637540 0.928919066 1.649325216 2.292559591 2.768536931 14.965593934 
Jacobi
-2.797154569 -2.714151171 -2.424332527 -1.966178218 -1.781738403 -1.564778435 -1.436242965 -1.060386021 -0.963133195 -0.887956734 -0.572164169 -0.505601417 -0.388840121 -0.155596684 -0.134525413 -0.064523826 0.246550660 0.334755848 0.612169207 0.729405249 0.858511933 0.996084236 1.328360343 1.471001144 1.707865818 1.953730438 2.165059421 2.670667758 2.796196889 14.965593934 
