Demonstration of finding eigenvalues
For a random symmetric matrix of size 6x6
The Lanczos algorithm will attempt to produce all 6 eigenvalues.
The following eigenvalues were found:
-0.749264413 -0.496496115 -0.256969887 0.043493494 0.594441112 2.754578144 

With the corresponding eigenvectors:

   -0.690    -0.095     0.517    -0.207     0.219     0.397 
    0.007    -0.005    -0.629    -0.521     0.503     0.281 
   -0.360    -0.342    -0.496     0.300    -0.521     0.382 
    0.115     0.808     0.004     0.163    -0.122     0.541 
    0.296    -0.322     0.083     0.620     0.542     0.352 
    0.542    -0.344     0.290    -0.430    -0.344     0.448 


In comparison, the cyclic jacobi method find the following:
Eigenvectors: 
-0.749264413 -0.496496115 -0.256969887 0.043493494 0.594441112 2.754578144 

And corresponding eigenvalues:

    0.690    -0.095    -0.517    -0.207     0.219     0.397 
   -0.007    -0.005     0.629    -0.521     0.503     0.281 
    0.360    -0.342     0.496     0.300    -0.521     0.382 
   -0.115     0.808    -0.004     0.163    -0.122     0.541 
   -0.296    -0.322    -0.083     0.620     0.542     0.352 
   -0.542    -0.344    -0.290    -0.430    -0.344     0.448 

It is seen for n = m, that the Lanczos and Jacobi methods produce the same eigenvalues and eigenvector (abeit sometimes with a difference of a sign on the vectors).



Setting m < n enables Makes the behavoir different:
For a random symmetric matrix of size 8x8
The Lanczos algorithm will attempt to produce m = 6 eigenvalues.
The following eigenvalues were found:
-1.057946516 -0.409085347 0.007019034 0.659941581 1.364547361 4.872167868 

With the corresponding eigenvectors:

   -0.308    -0.741     0.039    -0.299     0.272     0.310 
   -0.312     0.282     0.189    -0.306     0.029     0.392 
    0.258    -0.134    -0.707     0.396     0.087     0.389 
   -0.472     0.177     0.138     0.483    -0.425     0.323 
    0.536     0.051     0.588     0.263     0.356     0.387 
   -0.236     0.433    -0.241    -0.135     0.457     0.358 
    0.057    -0.320     0.138     0.074    -0.443     0.351 
    0.415     0.171    -0.147    -0.577    -0.454     0.306 


In comparison, the cyclic jacobi method find the following:
Eigenvectors: 
-1.065745882 -0.763971884 -0.116377460 -0.065085586 0.496921498 0.840694903 1.383790220 4.872167868 

And corresponding eigenvalues:

    0.346     0.455    -0.109     0.278     0.195    -0.564    -0.363     0.310 
    0.351     0.074    -0.467    -0.422    -0.544     0.154     0.048     0.392 
   -0.253     0.058    -0.288     0.665    -0.003     0.506    -0.027     0.389 
    0.402    -0.458    -0.118    -0.046     0.606     0.022     0.375     0.323 
   -0.533     0.071    -0.052    -0.521     0.380     0.066    -0.372     0.387 
    0.180    -0.473     0.573     0.087    -0.274     0.054    -0.449     0.358 
    0.020     0.519     0.581    -0.086    -0.010     0.150     0.490     0.351 
   -0.463    -0.277    -0.072     0.116    -0.283    -0.610     0.380     0.306 

The largest and lowest eigenvectors and corresponding eigenvalues are well approximated by the Lanczos method, but they deviate more than the correct Jacobi method found ones as we get closer to the 'middle' eigenvalues.

However, this can be useful in compressing large matricies into smalller matricies, conserving the extreme eigenvalues.


Many eigenvalues:
Lanczos
-2.767393336 -2.175825648 -1.802664760 -0.733546540 0.102192731 0.811695745 1.726357626 2.396971065 2.699257324 15.304097291 
Jacobi
-2.770032204 -2.480022353 -2.284145394 -1.877333763 -1.827008988 -1.664740949 -1.565921087 -1.191768200 -0.909319449 -0.902033493 -0.717989737 -0.480923895 -0.333853966 -0.144155659 0.110820135 0.147172146 0.255747480 0.409063490 0.462000290 0.786012780 1.004738345 1.081347085 1.376965412 1.719469555 1.846939898 2.104385028 2.432840091 2.682153332 2.720348772 15.304097291 
