Part 1:
Demonstrating that the Lanczos iterations produces the right V and T matrix:
Here for n = 6, m = n
The randomly generated symmetric matrix: A = 
   0.4533    0.4553    0.2163    0.1500    0.4173    0.2902 
   0.4553    0.6046    0.1216    0.3994    0.5989    0.8875 
   0.2163    0.1216    0.3071    0.8564    0.9154    0.5006 
   0.1500    0.3994    0.8564    0.4855    0.6928    0.7088 
   0.4173    0.5989    0.9154    0.6928    0.4727    0.9833 
   0.2902    0.8875    0.5006    0.7088    0.9833    0.3060 
The found tridiagonal matrix T:
   2.1564    1.5616    0.0000    0.0000    0.0000    0.0000 
   1.5616    1.1161    0.4877    0.0000    0.0000    0.0000 
   0.0000    0.4877    0.1622    0.4416    0.0000    0.0000 
   0.0000    0.0000    0.4416   -0.1244    0.4297    0.0000 
   0.0000    0.0000    0.0000    0.4297   -0.1150    0.2094 
   0.0000    0.0000    0.0000    0.0000    0.2094   -0.5662 
The found orthogonal matrix V:
   0.3757   -0.1446    0.0904    0.7239    0.5523    0.0256 
   0.1443    0.3152    0.8804   -0.0336   -0.1293    0.2948 
   0.5317   -0.0100   -0.3610   -0.1187   -0.1836    0.7342 
   0.6880   -0.2275    0.0989   -0.1149   -0.3671   -0.5631 
   0.2833    0.4927   -0.0937   -0.5041    0.6203   -0.1709 
   0.0406    0.7649   -0.2605    0.4398   -0.3535   -0.1645 

If V is orthogonal, then V*V^T = I:
V*V^T = 
   1.0000    0.0000    0.0000    0.0000    0.0000    0.0000 
   0.0000    1.0000    0.0000    0.0000    0.0000    0.0000 
   0.0000    0.0000    1.0000    0.0000    0.0000    0.0000 
   0.0000    0.0000    0.0000    1.0000    0.0000    0.0000 
   0.0000    0.0000    0.0000    0.0000    1.0000    0.0000 
   0.0000    0.0000    0.0000    0.0000    0.0000    1.0000 

As n = m here, so V*T*V^T should give A:
V*T*V^T - A = 
   0.0000    0.0000    0.0000    0.0000    0.0000    0.0000 
   0.0000    0.0000    0.0000    0.0000    0.0000    0.0000 
   0.0000    0.0000    0.0000    0.0000    0.0000    0.0000 
   0.0000    0.0000    0.0000    0.0000    0.0000    0.0000 
   0.0000    0.0000    0.0000    0.0000    0.0000    0.0000 
   0.0000    0.0000    0.0000    0.0000    0.0000    0.0000 
