Part 1:
Demonstrating that the Lanczos iterations produces the right V and T matrix:
Here for n = 6, m = n
The randomly generated symmetric matrix: A = 
   0.0556    0.5364    0.0703    0.0863    0.1529    0.0681 
   0.5364    0.0127    0.4139    0.5340    0.5985    0.3753 
   0.0703    0.4139    0.0478    0.2106    0.9075    0.6732 
   0.0863    0.5340    0.2106    0.9338    0.7612    0.1476 
   0.1529    0.5985    0.9075    0.7612    0.4318    0.3628 
   0.0681    0.3753    0.6732    0.1476    0.3628    0.1420 
The found tridiagonal matrix T:
   1.9090    1.1046    0.0000    0.0000    0.0000    0.0000 
   1.1046    0.1668    0.5802    0.0000    0.0000    0.0000 
   0.0000    0.5802   -0.1982    0.2291    0.0000    0.0000 
   0.0000    0.0000    0.2291   -0.0678    0.3403    0.0000 
   0.0000    0.0000    0.0000    0.3403    0.2889    0.3771 
   0.0000    0.0000    0.0000    0.0000    0.3771   -0.4748 
The found orthogonal matrix V:
   0.3765   -0.2427   -0.6195   -0.3300    0.4408   -0.3350 
   0.5397   -0.1288   -0.2778    0.1483   -0.2606    0.7246 
   0.0875    0.8166   -0.3657   -0.1501   -0.3768   -0.1650 
   0.3470    0.3898    0.1514    0.6270    0.5549   -0.0599 
   0.4752    0.1717    0.5930   -0.6114    0.1190    0.0719 
   0.4616   -0.2760    0.1752    0.2822   -0.5231   -0.5716 

If V is orthogonal, then V*V^T = I:
V*V^T = 
   1.0000    0.0000    0.0000    0.0000    0.0000    0.0000 
   0.0000    1.0000    0.0000    0.0000    0.0000    0.0000 
   0.0000    0.0000    1.0000    0.0000    0.0000    0.0000 
   0.0000    0.0000    0.0000    1.0000    0.0000    0.0000 
   0.0000    0.0000    0.0000    0.0000    1.0000    0.0000 
   0.0000    0.0000    0.0000    0.0000    0.0000    1.0000 

As n = m here, so V*T*V^T should give A:
V*T*V^T - A = 
   0.0000    0.0000    0.0000    0.0000    0.0000    0.0000 
   0.0000    0.0000    0.0000    0.0000    0.0000    0.0000 
   0.0000    0.0000    0.0000    0.0000    0.0000    0.0000 
   0.0000    0.0000    0.0000    0.0000    0.0000    0.0000 
   0.0000    0.0000    0.0000    0.0000    0.0000    0.0000 
   0.0000    0.0000    0.0000    0.0000    0.0000    0.0000 
