Part 1:
Demonstrating that the Lanczos iterations produces the right V and T matrix:
Here for n = 6, m = n
The randomly generated symmetric matrix: A = 
   0.0833    0.6215    0.3408    0.3202    0.0668    0.8201 
   0.6215    0.1908    0.1583    0.6552    0.0328    0.8834 
   0.3408    0.1583    0.5576    0.3101    0.1013    0.9024 
   0.3202    0.6552    0.3101    0.3408    0.6384    0.7157 
   0.0668    0.0328    0.1013    0.6384    0.5423    0.9735 
   0.8201    0.8834    0.9024    0.7157    0.9735    0.0082 
The found tridiagonal matrix T:
   2.4961    1.0867    0.0000    0.0000    0.0000    0.0000 
   1.0867    0.1050    0.4331    0.0000    0.0000    0.0000 
   0.0000    0.4331   -0.4301    0.7289    0.0000    0.0000 
   0.0000    0.0000    0.7289   -0.4620    0.4708    0.0000 
   0.0000    0.0000    0.0000    0.4708   -0.3176    0.3760 
   0.0000    0.0000    0.0000    0.0000    0.3760    0.3317 
The found orthogonal matrix V:
   0.0753    0.7548   -0.0032   -0.5319    0.0384   -0.3744 
   0.4572   -0.2036    0.6223    0.0287   -0.4401   -0.4096 
   0.5618   -0.3897   -0.3762   -0.5977    0.0234    0.1821 
   0.4513    0.0096   -0.0917    0.3902    0.7056   -0.3711 
   0.2618    0.2635    0.5528   -0.0536    0.2907    0.6849 
   0.4444    0.4092   -0.3965    0.4516   -0.4711    0.2280 

If V is orthogonal, then V*V^T = I:
V*V^T = 
   1.0000    0.0000    0.0000    0.0000    0.0000    0.0000 
   0.0000    1.0000    0.0000    0.0000    0.0000    0.0000 
   0.0000    0.0000    1.0000    0.0000    0.0000    0.0000 
   0.0000    0.0000    0.0000    1.0000    0.0000    0.0000 
   0.0000    0.0000    0.0000    0.0000    1.0000    0.0000 
   0.0000    0.0000    0.0000    0.0000    0.0000    1.0000 

As n = m here, so V*T*V^T should give A:
V*T*V^T - A = 
   0.0000    0.0000    0.0000    0.0000    0.0000    0.0000 
   0.0000    0.0000    0.0000    0.0000    0.0000    0.0000 
   0.0000    0.0000    0.0000    0.0000    0.0000    0.0000 
   0.0000    0.0000    0.0000    0.0000    0.0000    0.0000 
   0.0000    0.0000    0.0000    0.0000    0.0000    0.0000 
   0.0000    0.0000    0.0000    0.0000    0.0000    0.0000 
