Demonstration of finding eigenvalues
For a random symmetric matrix of size 6x6
The Lanczos algorithm will attempt to produce all 6 eigenvalues.
The following eigenvalues were found:
-1.383407591 -0.718778632 -0.166536174 0.117389070 0.384488006 3.538703030 

With the corresponding eigenvectors:

    0.214     0.409    -0.552    -0.265    -0.499     0.404 
   -0.467    -0.063     0.586    -0.364    -0.406     0.371 
   -0.387     0.250    -0.048     0.787     0.004     0.407 
    0.207    -0.812    -0.190     0.088    -0.006     0.503 
   -0.415     0.099    -0.290    -0.413     0.687     0.302 
    0.609     0.311     0.479     0.004     0.336     0.435 


In comparison, the cyclic jacobi method find the following:
Eigenvectors: 
-1.383407591 -0.718778632 -0.166536174 0.117389070 0.384488006 3.538703030 

And corresponding eigenvalues:

   -0.214    -0.409     0.552     0.265    -0.499     0.404 
    0.467     0.063    -0.586     0.364    -0.406     0.371 
    0.387    -0.250     0.048    -0.787     0.004     0.407 
   -0.207     0.812     0.190    -0.088    -0.006     0.503 
    0.415    -0.099     0.290     0.413     0.687     0.302 
   -0.609    -0.311    -0.479    -0.004     0.336     0.435 

It is seen for n = m, that the Lanczos and Jacobi methods produce the same eigenvalues and eigenvector (abeit sometimes with a difference of a sign on the vectors).



Setting m < n enables Makes the behavoir different:
For a random symmetric matrix of size 8x8
The Lanczos algorithm will attempt to produce m = 6 eigenvalues.
The following eigenvalues were found:
-1.164878202 -0.460029370 0.052548138 0.747187723 1.100993742 4.080321248 

With the corresponding eigenvectors:

    0.224     0.656    -0.312     0.137     0.369     0.197 
    0.371    -0.445    -0.122    -0.334     0.647     0.301 
    0.014    -0.385    -0.432    -0.131    -0.488     0.419 
    0.298     0.132     0.773    -0.271    -0.172     0.346 
    0.434     0.152    -0.148     0.403    -0.305     0.406 
   -0.431     0.396    -0.146    -0.584    -0.070     0.364 
   -0.564    -0.126     0.124     0.314     0.243     0.395 
   -0.175    -0.103     0.214     0.422     0.143     0.349 


In comparison, the cyclic jacobi method find the following:
Eigenvectors: 
-1.165283132 -0.944623140 -0.460002367 -0.252059641 0.093787011 0.753889932 1.106223263 4.080321249 

And corresponding eigenvalues:

   -0.225     0.132    -0.532     0.510    -0.448    -0.177    -0.343     0.197 
   -0.368    -0.125     0.391    -0.242    -0.087     0.329    -0.657     0.301 
   -0.015     0.080     0.483     0.248    -0.507     0.112     0.504     0.419 
   -0.289    -0.191    -0.087     0.479     0.649     0.267     0.176     0.346 
   -0.431    -0.158    -0.292    -0.552    -0.012    -0.379     0.299     0.406 
    0.421     0.210    -0.441    -0.280    -0.058     0.606     0.043     0.364 
    0.588    -0.566     0.062     0.083     0.032    -0.348    -0.212     0.395 
    0.145     0.731     0.199    -0.010     0.330    -0.380    -0.172     0.349 

The largest and lowest eigenvectors and corresponding eigenvalues are well approximated by the Lanczos method, but they deviate more than the correct Jacobi method found ones as we get closer to the 'middle' eigenvalues.

However, this can be useful in compressing large matricies into smalller matricies, conserving the extreme eigenvalues.


Many eigenvalues:
Lanczos
-2.807443651 -2.150462525 -1.700263606 -0.969555633 0.019694233 0.469753483 1.810689390 2.132481900 2.497754912 14.629411705 
Jacobi
-2.810034846 -2.424776972 -2.316673318 -2.063671160 -1.869086360 -1.682939273 -1.488430233 -1.414224558 -1.195486756 -1.039079068 -0.665604335 -0.591224143 -0.268945744 -0.108837978 0.058098332 0.173471217 0.299803883 0.439401339 0.668225502 0.901416961 0.974898496 1.298282007 1.537788696 1.557972834 1.870849804 1.986093817 2.146090482 2.450668237 2.568232032 14.629411705 
