Demonstration of finding eigenvalues
For a random symmetric matrix of size 6x6
The Lanczos algorithm will attempt to produce all 6 eigenvalues.
The following eigenvalues were found:
-0.665909409 -0.467621251 0.064407053 0.258589770 0.623494127 3.323014195 

With the corresponding eigenvectors:

    0.485    -0.198    -0.618     0.471    -0.205     0.281 
   -0.222    -0.844     0.127    -0.024     0.322     0.343 
    0.175     0.218    -0.343    -0.711     0.260     0.481 
    0.049     0.408     0.297     0.493     0.557     0.437 
   -0.682     0.174    -0.126     0.105    -0.482     0.495 
    0.466    -0.064     0.616    -0.134    -0.494     0.369 


In comparison, the cyclic jacobi method find the following:
Eigenvectors: 
-0.665909409 -0.467621251 0.064407053 0.258589770 0.623494127 3.323014195 

And corresponding eigenvalues:

    0.485     0.198     0.618     0.471     0.205     0.281 
   -0.222     0.844    -0.127    -0.024    -0.322     0.343 
    0.175    -0.218     0.343    -0.711    -0.260     0.481 
    0.049    -0.408    -0.297     0.493    -0.557     0.437 
   -0.682    -0.174     0.126     0.105     0.482     0.495 
    0.466     0.064    -0.616    -0.134     0.494     0.369 

It is seen for n = m, that the Lanczos and Jacobi methods produce the same eigenvalues and eigenvector (abeit sometimes with a difference of a sign on the vectors).



Setting m < n enables Makes the behavoir different:
For a random symmetric matrix of size 8x8
The Lanczos algorithm will attempt to produce m = 6 eigenvalues.
The following eigenvalues were found:
-1.122628746 -0.792036483 -0.273770659 0.371049781 1.549787461 4.158763778 

With the corresponding eigenvectors:

   -0.122     0.162     0.302    -0.286    -0.314     0.323 
    0.684    -0.051     0.027    -0.431    -0.260     0.397 
    0.303    -0.349    -0.271     0.343     0.457     0.363 
   -0.193    -0.096     0.704    -0.109     0.536     0.315 
   -0.465     0.076    -0.091     0.145    -0.304     0.365 
    0.115     0.353     0.061     0.634    -0.186     0.443 
   -0.358    -0.647    -0.277    -0.169    -0.166     0.320 
   -0.176     0.539    -0.500    -0.390     0.427     0.274 


In comparison, the cyclic jacobi method find the following:
Eigenvectors: 
-1.129705542 -0.797963457 -0.556828003 -0.271680929 0.368861357 0.398844056 1.549791550 4.158763778 

And corresponding eigenvalues:

   -0.045    -0.046     0.778     0.222    -0.336    -0.158     0.315     0.323 
    0.649    -0.016    -0.398     0.072    -0.406     0.155     0.260     0.397 
    0.346     0.384     0.148    -0.274     0.217    -0.499    -0.456     0.363 
   -0.211     0.075    -0.119     0.717    -0.065     0.175    -0.537     0.315 
   -0.488    -0.114    -0.435     0.002    -0.017    -0.577     0.304     0.365 
    0.095    -0.360     0.093     0.025     0.738     0.277     0.186     0.443 
   -0.359     0.644    -0.014    -0.312    -0.040     0.477     0.165     0.320 
   -0.188    -0.536     0.048    -0.508    -0.353     0.186    -0.427     0.274 

The largest and lowest eigenvectors and corresponding eigenvalues are well approximated by the Lanczos method, but they deviate more than the correct Jacobi method found ones as we get closer to the 'middle' eigenvalues.

However, this can be useful in compressing large matricies into smalller matricies, conserving the extreme eigenvalues.


Many eigenvalues:
Lanczos
-2.686356837 -2.298587344 -1.561744967 -1.213809872 -0.006678773 1.178149456 1.698295661 2.393072609 2.822399807 15.322511848 
Jacobi
-2.697428747 -2.380661863 -2.184831943 -1.897288956 -1.520840993 -1.495333080 -1.464592091 -1.174508823 -0.926333105 -0.835809147 -0.560497977 -0.493535320 -0.285380911 -0.033076710 -0.000570208 0.301825962 0.366151939 0.616682498 0.645037994 0.898257899 1.202434171 1.253096552 1.405029909 1.666820133 1.840618589 2.267036229 2.460224791 2.643689906 2.825660647 15.322511848 
