
Problem B:

Make a random square matrix A, with a random size:
Random Matrix A: 
    4.958     7.897     2.792     0.491     5.555 
    2.250     0.810     8.611     1.198     1.593 
    3.711     7.296     3.530     5.632     9.806 
    5.773     4.751     8.217     7.001     0.979 
    8.342     1.115     8.147     3.896     1.108 

Calculate the inverse of A:
Inverse of A: 
    0.046    -0.111    -0.021    -0.066     0.178 
    0.139    -0.008    -0.075     0.127    -0.135 
    0.002     0.150    -0.022     0.016    -0.042 
   -0.127    -0.085     0.076     0.112    -0.013 
   -0.048     0.043     0.130    -0.140     0.056 

Check that A*A^(-1) is equal to the identity matrix:
A*A^(-1): 
    1.000     0.000     0.000     0.000     0.000 
    0.000     1.000     0.000     0.000     0.000 
    0.000     0.000     1.000     0.000     0.000 
    0.000     0.000     0.000     1.000     0.000 
    0.000     0.000     0.000     0.000     1.000 
