Test reading files:
xs = 1.000 2.000 3.000 4.000 6.000 9.000 10.000 13.000 15.000 
ys = 117.000 100.000 88.000 72.000 53.000 29.500 25.200 15.200 11.100 
dys = 5.850 5.000 4.400 3.600 2.650 1.475 1.260 0.760 0.555 
ln(a) = 4.95866865452411, lambda = 0.171379430616684
a = 142.404080608249, t_1/2 = 4.04451793348687