sin(1)=0.841470984807897
sin(1)=0.841470984807897
y = 2.71828182845905, E = 2.71828182845905