Part 1:
Demonstrating that the Lanczos iterations produces the right V and T matrix:
Here for n = 6, m = n
The randomly generated symmetric matrix: A = 
   0.3220    0.9171    0.4894    0.1869    0.2596    0.1253 
   0.9171    0.7029    0.0830    0.1255    0.2669    0.6894 
   0.4894    0.0830    0.3404    0.2985    0.0329    0.1067 
   0.1869    0.1255    0.2985    0.3720    0.3044    0.1035 
   0.2596    0.2669    0.0329    0.3044    0.7472    0.9783 
   0.1253    0.6894    0.1067    0.1035    0.9783    0.2182 
The found tridiagonal matrix T:
   1.6173    1.1538    0.0000    0.0000    0.0000    0.0000 
   1.1538    0.0945    0.6711    0.0000    0.0000    0.0000 
   0.0000    0.6711    0.4465    0.4569    0.0000    0.0000 
   0.0000    0.0000    0.4569    0.2038    0.2148    0.0000 
   0.0000    0.0000    0.0000    0.2148    0.0686    0.3875 
   0.0000    0.0000    0.0000    0.0000    0.3875    0.2719 
The found orthogonal matrix V:
   0.6229   -0.1634   -0.0594   -0.5097    0.4331   -0.3666 
   0.4085    0.5624   -0.4065   -0.1104   -0.0715    0.5782 
   0.3064    0.0133   -0.4597    0.3855   -0.5032   -0.5411 
   0.0086    0.2869    0.4345   -0.5512   -0.6312   -0.1629 
   0.0712    0.6907    0.3855    0.3625    0.3511   -0.3385 
   0.5883   -0.3122    0.5315    0.3797   -0.1801    0.3119 

If V is orthogonal, then V*V^T = I:
V*V^T = 
   1.0000    0.0000    0.0000    0.0000    0.0000    0.0000 
   0.0000    1.0000    0.0000    0.0000    0.0000    0.0000 
   0.0000    0.0000    1.0000    0.0000    0.0000    0.0000 
   0.0000    0.0000    0.0000    1.0000    0.0000    0.0000 
   0.0000    0.0000    0.0000    0.0000    1.0000    0.0000 
   0.0000    0.0000    0.0000    0.0000    0.0000    1.0000 

As n = m here, so V*T*V^T should give A:
V*T*V^T - A = 
   0.0000    0.0000    0.0000    0.0000    0.0000    0.0000 
   0.0000    0.0000    0.0000    0.0000    0.0000    0.0000 
   0.0000    0.0000    0.0000    0.0000    0.0000    0.0000 
   0.0000    0.0000    0.0000    0.0000    0.0000    0.0000 
   0.0000    0.0000    0.0000    0.0000    0.0000    0.0000 
   0.0000    0.0000    0.0000    0.0000    0.0000    0.0000 
