Part 1:
Demonstrating that the Lanczos iterations produces the right V and T matrix:
Here for n = 6, m = n
The randomly generated symmetric matrix: A = 
   0.6792    0.1231    0.2848    0.0077    0.5292    0.0120 
   0.1231    0.4842    0.4806    0.7418    0.2605    0.1501 
   0.2848    0.4806    0.6881    0.3023    0.4288    0.7180 
   0.0077    0.7418    0.3023    0.6128    0.5000    0.1401 
   0.5292    0.2605    0.4288    0.5000    0.5140    0.4522 
   0.0120    0.1501    0.7180    0.1401    0.4522    0.2536 
The found tridiagonal matrix T:
   2.0255    0.7081    0.0000    0.0000    0.0000    0.0000 
   0.7081    0.6323    0.4539    0.0000    0.0000    0.0000 
   0.0000    0.4539    0.1697    0.3235    0.0000    0.0000 
   0.0000    0.0000    0.3235    0.2700    0.3056    0.0000 
   0.0000    0.0000    0.0000    0.3056    0.5479    0.0821 
   0.0000    0.0000    0.0000    0.0000    0.0821   -0.4135 
The found orthogonal matrix V:
   0.1593    0.3730   -0.2007   -0.6364   -0.5157   -0.3524 
   0.2355    0.3572    0.6673   -0.3861    0.4490    0.1447 
   0.5074    0.2490   -0.6382   -0.0204    0.3385    0.3979 
   0.1636    0.6470    0.1023    0.6472   -0.0853   -0.3436 
   0.5612   -0.2083    0.3106    0.1627   -0.5855    0.4194 
   0.5657   -0.4576    0.0133    0.0097    0.2603   -0.6345 

If V is orthogonal, then V*V^T = I:
V*V^T = 
   1.0000    0.0000    0.0000    0.0000    0.0000    0.0000 
   0.0000    1.0000    0.0000    0.0000    0.0000    0.0000 
   0.0000    0.0000    1.0000    0.0000    0.0000    0.0000 
   0.0000    0.0000    0.0000    1.0000    0.0000    0.0000 
   0.0000    0.0000    0.0000    0.0000    1.0000    0.0000 
   0.0000    0.0000    0.0000    0.0000    0.0000    1.0000 

As n = m here, so V*T*V^T should give A:
V*T*V^T - A = 
   0.0000    0.0000    0.0000    0.0000    0.0000    0.0000 
   0.0000    0.0000    0.0000    0.0000    0.0000    0.0000 
   0.0000    0.0000    0.0000    0.0000    0.0000    0.0000 
   0.0000    0.0000    0.0000    0.0000    0.0000    0.0000 
   0.0000    0.0000    0.0000    0.0000    0.0000    0.0000 
   0.0000    0.0000    0.0000    0.0000    0.0000    0.0000 
