Part 1:
Demonstrating that the Lanczos iterations produces the right V and T matrix:
Here for n = 6, m = n
The randomly generated symmetric matrix: A = 
   0.8246    0.5511    0.8355    0.2901    0.8964    0.2701 
   0.5511    0.1603    0.7834    0.6741    0.0415    0.6003 
   0.8355    0.7834    0.7333    0.9423    0.4254    0.8267 
   0.2901    0.6741    0.9423    0.4065    0.4119    0.2587 
   0.8964    0.0415    0.4254    0.4119    0.7252    0.9732 
   0.2701    0.6003    0.8267    0.2587    0.9732    0.9116 
The found tridiagonal matrix T:
   2.5847    1.7505    0.0000    0.0000    0.0000    0.0000 
   1.7505    0.6452    0.5399    0.0000    0.0000    0.0000 
   0.0000    0.5399    0.0864    0.6774    0.0000    0.0000 
   0.0000    0.0000    0.6774   -0.0286    0.3705    0.0000 
   0.0000    0.0000    0.0000    0.3705    0.0413    0.3352 
   0.0000    0.0000    0.0000    0.0000    0.3352    0.4327 
The found orthogonal matrix V:
   0.3164    0.3567   -0.4346   -0.0568   -0.0895    0.7567 
   0.4545   -0.2370    0.6987    0.1927   -0.3529    0.2957 
   0.1654    0.6334    0.4707   -0.2887    0.5130   -0.0584 
   0.3432    0.0870   -0.1603    0.8248    0.3737   -0.1704 
   0.7119   -0.3492   -0.2566   -0.4407    0.1556   -0.2950 
   0.2036    0.5346   -0.0995    0.0432   -0.6636   -0.4696 

If V is orthogonal, then V*V^T = I:
V*V^T = 
   1.0000    0.0000    0.0000    0.0000    0.0000    0.0000 
   0.0000    1.0000    0.0000    0.0000    0.0000    0.0000 
   0.0000    0.0000    1.0000    0.0000    0.0000    0.0000 
   0.0000    0.0000    0.0000    1.0000    0.0000    0.0000 
   0.0000    0.0000    0.0000    0.0000    1.0000    0.0000 
   0.0000    0.0000    0.0000    0.0000    0.0000    1.0000 

As n = m here, so V*T*V^T should give A:
V*T*V^T - A = 
   0.0000    0.0000    0.0000    0.0000    0.0000    0.0000 
   0.0000    0.0000    0.0000    0.0000    0.0000    0.0000 
   0.0000    0.0000    0.0000    0.0000    0.0000    0.0000 
   0.0000    0.0000    0.0000    0.0000    0.0000    0.0000 
   0.0000    0.0000    0.0000    0.0000    0.0000    0.0000 
   0.0000    0.0000    0.0000    0.0000    0.0000    0.0000 
