Demonstration of finding eigenvalues
For a random symmetric matrix of size 6x6
The Lanczos algorithm will attempt to produce all 6 eigenvalues.
The following eigenvalues were found:
-0.737234846 -0.611752941 -0.233913389 0.125946841 0.573432999 3.164160875 

With the corresponding eigenvectors:

   -0.774     0.117     0.095     0.385    -0.309     0.365 
    0.009    -0.140     0.720    -0.017     0.567     0.375 
   -0.126    -0.616    -0.360    -0.477    -0.036     0.497 
    0.139     0.588    -0.465     0.054     0.399     0.507 
    0.558    -0.286     0.006     0.617    -0.308     0.362 
    0.231     0.401     0.357    -0.490    -0.572     0.302 


In comparison, the cyclic jacobi method find the following:
Eigenvectors: 
-0.737234846 -0.611752941 -0.233913389 0.125946841 0.573432999 3.164160875 

And corresponding eigenvalues:

    0.774    -0.117    -0.095     0.385     0.309     0.365 
   -0.009     0.140    -0.720    -0.017    -0.567     0.375 
    0.126     0.616     0.360    -0.477     0.036     0.497 
   -0.139    -0.588     0.465     0.054    -0.399     0.507 
   -0.558     0.286    -0.006     0.617     0.308     0.362 
   -0.231    -0.401    -0.357    -0.490     0.572     0.302 

It is seen for n = m, that the Lanczos and Jacobi methods produce the same eigenvalues and eigenvector (abeit sometimes with a difference of a sign on the vectors).



Setting m < n enables Makes the behavoir different:
For a random symmetric matrix of size 8x8
The Lanczos algorithm will attempt to produce m = 6 eigenvalues.
The following eigenvalues were found:
-1.069637368 -0.747159772 -0.243661864 0.198865282 1.077712987 4.691063174 

With the corresponding eigenvectors:

    0.410     0.434     0.446    -0.327    -0.224     0.292 
    0.190     0.389    -0.335     0.440     0.588     0.306 
    0.197     0.129     0.309     0.331    -0.059     0.349 
    0.307    -0.286    -0.161     0.281    -0.510     0.326 
   -0.626     0.500    -0.298    -0.120    -0.359     0.339 
    0.244    -0.247    -0.402    -0.653     0.232     0.420 
   -0.356    -0.119     0.559    -0.139     0.396     0.276 
   -0.292    -0.486     0.068     0.225    -0.028     0.475 


In comparison, the cyclic jacobi method find the following:
Eigenvectors: 
-1.071542530 -0.879409076 -0.692868795 -0.236601333 -0.021591906 0.296563271 1.077738570 4.691063174 

And corresponding eigenvalues:

    0.415     0.183     0.377    -0.471    -0.372     0.396    -0.223     0.292 
    0.203     0.239     0.303     0.343    -0.312    -0.394     0.588     0.306 
    0.158    -0.358     0.407    -0.208     0.638    -0.325    -0.059     0.349 
    0.347     0.243    -0.498     0.113    -0.042    -0.435    -0.512     0.326 
   -0.602     0.414     0.338     0.295     0.098     0.108    -0.359     0.339 
    0.247    -0.045    -0.294     0.372     0.327     0.613     0.233     0.420 
   -0.312     0.370    -0.354    -0.615     0.160    -0.069     0.394     0.276 
   -0.348    -0.642    -0.161    -0.038    -0.461    -0.030    -0.026     0.475 

The largest and lowest eigenvectors and corresponding eigenvalues are well approximated by the Lanczos method, but they deviate more than the correct Jacobi method found ones as we get closer to the 'middle' eigenvalues.

However, this can be useful in compressing large matricies into smalller matricies, conserving the extreme eigenvalues.


Many eigenvalues:
Lanczos
-2.448367599 -2.288210203 -1.378243547 -0.864001236 0.165756174 0.867588377 1.693685975 2.249190907 2.636749475 15.301522097 
Jacobi
-2.850129690 -2.455539364 -2.371413143 -2.188563587 -1.697796697 -1.544715250 -1.318488423 -1.092471208 -0.872453799 -0.623642244 -0.552371051 -0.424321086 -0.280496692 -0.133491488 0.125119119 0.237014360 0.415668530 0.476243550 0.620273111 0.818063549 0.986762499 1.128838534 1.240075366 1.657168632 1.714244382 1.915990401 2.257526297 2.501999700 2.645577238 15.301522097 
