Part 1:
Demonstrating that the Lanczos iterations produces the right V and T matrix:
Here for n = 6, m = n
The randomly generated symmetric matrix: A = 
   0.8947    0.7369    0.9749    0.3507    0.9508    0.5316 
   0.7369    0.1998    0.7548    0.1384    0.5961    0.3012 
   0.9749    0.7548    0.4918    0.3454    0.3960    0.8978 
   0.3507    0.1384    0.3454    0.6008    0.8032    0.5717 
   0.9508    0.5961    0.3960    0.8032    0.2056    0.5283 
   0.5316    0.3012    0.8978    0.5717    0.5283    0.9849 
The found tridiagonal matrix T:
   2.9500    1.3306    0.0000    0.0000    0.0000    0.0000 
   1.3306    0.8837    0.6848    0.0000    0.0000    0.0000 
   0.0000    0.6848   -0.4111    0.2457    0.0000    0.0000 
   0.0000    0.0000    0.2457    0.3463    0.3927    0.0000 
   0.0000    0.0000    0.0000    0.3927   -0.0762    0.0803 
   0.0000    0.0000    0.0000    0.0000    0.0803   -0.3150 
The found orthogonal matrix V:
   0.5572    0.0083    0.1529   -0.6312    0.0814    0.5109 
   0.4666   -0.2274    0.1941   -0.1996   -0.2403   -0.7716 
   0.5278    0.0146   -0.4366    0.4852   -0.4912    0.2325 
   0.0164    0.5290    0.7326    0.2259   -0.3522    0.0896 
   0.0644    0.8140   -0.4306   -0.2476    0.1006   -0.2766 
   0.4346    0.0752    0.1619    0.4626    0.7485   -0.0714 

If V is orthogonal, then V*V^T = I:
V*V^T = 
   1.0000    0.0000    0.0000    0.0000    0.0000    0.0000 
   0.0000    1.0000    0.0000    0.0000    0.0000    0.0000 
   0.0000    0.0000    1.0000    0.0000    0.0000    0.0000 
   0.0000    0.0000    0.0000    1.0000    0.0000    0.0000 
   0.0000    0.0000    0.0000    0.0000    1.0000    0.0000 
   0.0000    0.0000    0.0000    0.0000    0.0000    1.0000 

As n = m here, so V*T*V^T should give A:
V*T*V^T - A = 
   0.0000    0.0000    0.0000    0.0000    0.0000    0.0000 
   0.0000    0.0000    0.0000    0.0000    0.0000    0.0000 
   0.0000    0.0000    0.0000    0.0000    0.0000    0.0000 
   0.0000    0.0000    0.0000    0.0000    0.0000    0.0000 
   0.0000    0.0000    0.0000    0.0000    0.0000    0.0000 
   0.0000    0.0000    0.0000    0.0000    0.0000    0.0000 
