Cos(1.34200) = 0.22681
Cos(3.43212) = -0.95809
Cos(5.23421) = 0.49846
Cos(8.34530) = -0.47179
Cos(1.23413) = 0.33034
Cos(23.46234) = -0.09944
