Cos(0.392) = 0.924146833716481
Cos(0.23842) = 0.971712332421714
Cos(4.3023) = -0.39869093216994
Cos(45.333) = 0.218320846143917
Cos(1.293) = 0.274237127144693
Cos(2.4939) = -0.79747805287741
