mySin(3.14/2) = 0.999999682931835
lambdaSin(3.14/2) = 0.999999682931835
pow3(3) = 27
