Test = 0
xs = 0.000000000 0.698131701 1.396263402 2.094395102 2.792526803 3.490658504 4.188790205 4.886921906 5.585053606 6.283185307 
ys = 0.000000000 0.642787610 0.984807753 0.866025404 0.342020143 -0.342020143 -0.866025404 -0.984807753 -0.642787610 0.000000000 
