Problem C:
Completed!
Integrating f(x,y) = y by stratified monte carlo:
a0:                0.000000000 
b0:                1.000000000 
Q0:                0.493944506253196
error:            0.000108627945024403
Deviation:        -0.00605549374680364

Integrating Sin(x)^2 by stratified monte carlo:
a2:                0.000000000 
b2:                6.283185307 
Q:                 3.12312812023631
Error:             0.0111074108881725
Deviation:         -0.0184645333534847

Integrating 1/(1-cos(x)cos(y)cos(z))*1/(Pi*Pi*Pi) by stratified monte carlo:
a3:                0.000000000 0.000000000 0.000000000 
b3:                3.141592654 3.141592654 3.141592654 
Q:                 1.74286234187904
Error:             0.00486611580523362
Deviation:         0.349658412193358
